NAME	= Climate.11.000000
DESCRIPTION	= 
UNIT	= 
DATAFORMAT	= FLOAT
DATAFILE_OFFSET	= 0
BYTEORDER_BIG	= FALSE
TOPTOBOTTOM	= FALSE
POSITION_XMIN	= 498750.0000000000
POSITION_YMIN	= 5236250.0000000000
CELLCOUNT_X	= 715
CELLCOUNT_Y	= 732
CELLSIZE	= 500.0000000000
Z_FACTOR	= 1.000000
Z_OFFSET	= 0.000000
NODATA_VALUE	= -99999.000000;-99999.000000
